305933
1401456
2563990
2955881
5211907
4932820
347915
2243055
3685158
150410
5431509
6868100
5960664
6963511
1003408
1670596
3272684
6159807
1272013
7079843
1638802
6401236
6685002
1481421
6957718
2876917
4445490
1521711
5299141
4728874
1898178
5208026
1765318
787205
6068185
1348574
6965823
3943843
3143276
3876997
251980
434097
7363687
5887854
5437413
7622205
6653378
4182415
5524860
4338653
2424279
6090982
6925979
2435862
6444554
6487602
6819445
7105082
1363339
5410621
1958412
637585
1821890
4862034
1131260
6720688
6645399
5211787
5471623
1429559
5861684
6584687
3969893
5036245
5442066
2472955
5798422
1614661
3603543
2318332
4018442
3911071
4657520
4871932
835623
6424621
5869738
670873
6635663
676076
4106900
5967853
2413090
1914
4192122
2772045
1613179
1481584
2697615
2126566
172285
7312130
724417
2255366
7202495
5980395
2725542
7913691
7706977
3746417
1626586
6353149
7682072
5581709
4968055
5558656
2933257
3068217
248897
4013332
7884301
4788597
2602927
4829573
5658519
1033795
7453045
4526842
6143526
3589886
7594856
6967042
540499
6860098
1597571
3402371
6704203
616349
6868081
1901839
3144027
907303
6148726
2328132
2349113
624503
3513042
5991985
534733
6501578
5871507
49294
1202819
4649110
2475416
3921228
5298775
4018768
7059020
1966654
4435773
6515938
3293808
5305384
673723
4669570
2579913
7057352
5766621
1842648
390976
2657048
6080334
3878166
1044372
3486824
1969642
759654
680374
193376
6136024
3789975
608733
5451314
3028975
2580873
3725577
2523829
7220742
2635300
2402463
6465293
911297
2836958
5362044
4272366
5538459
4485730
4366591
840062
6308464
573969
3217339
7423030
2816697
1229622
6606621
7524515
6704154
2248711
2183297
2503113
7960897
7461029
4240221
4246348
1074922
3956869
4657481
6709772
3860477
6611819
18372
4701949
1766628
4983746
5438605
1526837
7607915
2596191
3937570
6278261
3705809
6007008
4798408
4387609
311994
4303758
2169483
7145566
599619
7612382
4444307
2989466
7868462
3774464
2339817
2664697
1054056
5868773
3974923
5091872
2726004
3852724
5780152
5828741
4446139
3392917
5149606
3792334
2387904
6520733
101707
5604211
7297649
2752515
5512908
6113580
2113274
5842934
1715404
5894337
803803
7926238
1238808
3518932
894812
4002275
2701619
1018273
463629
6475338
3758765
3969887
3118407
2121813
3786582
2907457
1870245
5368395
6702864
4381292
880273
269749
3685786
1171833
6937036
4725024
6171902
97516
6084205
2299304
5688899
4377883
2936256
6920508
6168268
642782
2139139
1787276
6137340
4725808
2765992
1923297
4243819
4443771
7404548
5551527
4147793
5789211
3125386
2553817
5963123
549922
1341127
7075889
7149618
4559965
773575
5774235
6364289
4760386
7988532
1070092
368037
5313556
6043463
3030826
849939
4416419
1692702
2775185
5529086
7299752
6256112
6673477
3654138
5363623
1601085
3343283
612067
4616514
2932911
7431835
6464431
7265667
3161060
766576
1487523
1756648
268585
713487
3690584
502163
6593225
3943331
5544235
4006541
3570749
3173120
6431560
652897
6818591
838287
5319519
2068104
4021141
1143060
6093194
6609338
218263
3332303
1992579
5198847
2168681
4886036
1453425
2863394
2345570
7902786
533577
6287089
5508843
1713553
71068
6452573
4059576
6938972
6601622
6750683
4266230
2000245
7533652
4525006
6085141
6263959
5689837
4980632
902077
3745434
1179248
5753181
6666098
1045663
5589078
3291604
6953643
4027467
4982555
1306754
7441024
131358
1868088
3677623
7427470
4292216
1487022
5553244
1611782
2789855
7732576
3447669
1574342
1855979
7617120
3006166
2208497
2024903
6353586
656465
2394698
2538068
7841545
6769765
6600925
7572910
4190614
5453651
2660397
4620574
5951156
3179982
6467495
29813
5973834
306891
6289960
7104521
3385769
44315
914999
18102
5192074
6951023
1966493
5622657
7475842
5592148
5440586
1325647
2804832
3038608
4111374
2516512
5083768
3000818
7634225
7412676
5115381
1860145
6142516
235947
1585182
7708871
2831279
6909737
2476923
147311
4181173
968381
7061330
2852755
4049694
5847301
1154410
7864708
6131542
7568519
5356534
795057
6979202
4805120
2069246
3420300
1081581
5792081
5015258
6253754
5968541
7929384
3132237
3860289
6757122
7265116
7584557
5018495
4259444
6402639
1124282
4837910
1736312
6336544
3232525
6769629
2928364
7966258
6392210
5224974
5757666
6781723
5824955
5137400
6269772
6840837
1865420
7582836
3504787
7016196
1926297
1755853
3622834
4001778
6995624
4291771
1422752
6948341
2805594
517201
2222124
7079267
4460217
155975
5116442
4050170
7019502
1866272
5216989
1001621
5955091
7442656
3421510
4080725
7633939
4203624
2543265
85278
6696089
6340871
5150360
3936337
4687906
1309617
1443697
6810059
491110
7564816
5053403
5202146
6910462
7459743
1193792
4458891
664944
4529937
7146224
737874
6313286
3259164
1897532
1937392
1362469
4848365
5133759
7653997
5355497
4885302
313485
3042118
6220620
2600332
34753
1765723
5041578
7692555
4421876
4262409
3037492
3112355
1056398
6841181
5504394
4202930
616627
2159200
2901641
2218169
4875643
4973837
6822733
3724639
6987562
3352096
1820042
455394
7667235
5367961
6247531
7712950
2149780
1427757
6735060
3587541
2550833
5869272
5648620
5342530
4257373
5262035
4585850
6003279
1650779
2224904
6499517
4778130
5596223
7432882
5856806
7561312
3396438
5284396
4105786
5428252
7140240
6954003
5503911
38661
2164105
3163985
6800991
3687100
6687225
2671202
2469268
4446190
1248405
7860538
3469490
7304937
4523716
19314
6341157
2936855
7074901
3000549
7556340
7714209
1482559
6970919
4405660
2647797
3749692
7692637
1270867
6842351
1629675
1269958
5152327
1465451
4320743
1639720
2942194
5342321
623520
6074610
7732985
7731214
6563466
7330873
659940
773843
1956201
628659
4834334
2325750
7514478
6068194
2127916
2986474
7513789
6161207
6816261
257525
6958053
3264690
4022880
4071430
2305983
4308618
4757159
1723703
292193
2769068
1208868
4357112
4946372
1311897
994211
2695116
7339193
7842918
2056087
2884308
6472428
4835768
7864991
1278071
61590
255529
2036412
7964303
5649472
7360961
7755663
5124204
6182647
5161962
893611
3702612
1451423
4614676
2098327
1631397
3319446
2058119
1410847
2983905
2411422
1820394
554626
1066680
5928168
5432655
1599884
3763853
6993011
3241968
1809844
829987
2188677
6257395
2113950
6064039
6652582
2067674
4471908
7273216
348074
1576507
7644006
5416177
7591317
2303367
1022756
83209
6709808
6871313
426499
3071661
2428986
2830230
1847088
3980795
5915998
6175614
5273033
3765917
1043929
1034990
2119433
6835230
3643072
6153463
6122356
1947624
217217
6144264
1810071
3879370
2719531
1871853
5917040
7167855
6706087
2142218
1449268
5643206
585105
2595944
3773078
892131
3072118
1134117
4416818
1953424
1442635
1029134
6399188
5325085
725264
5509573
6784679
7697049
923728
1878522
3433178
5217233
2736716
1720590
1471363
2033952
6483403
4357675
7146909
7355581
384356
5855171
315890
5014256
4881079
291618
6837915
4982459
2436456
2204505
2293955
5685091
6770542
6290725
1501800
2430542
1824717
2620191
7391428
5965710
4565441
5597130
1669106
2732669
5823420
232836
7850532
2828333
1519339
4968607
4206034
7414653
830662
383812
3783286
2703287
542322
4358978
4139926
3264571
415893
4100152
700694
571674
5837653
591179
6616040
6988220
7396372
1348202
7018959
7913631
7267773
5027629
7218585
5142996
4894059
125681
1951909
3153157
6433285
4122822
3507877
4986812
2460433
329705
3353670
5041688
6012476
5444041
4260260
4056808
2487351
6258534
2081643
6372244
3220857
2298815
5661596
4855065
5870877
6035437
325758
978972
2507463
5512328
3600290
5021395
6814839
3755251
2782601
644234
2649628
5944883
790883
1177617
4631421
6368747
6801331
911257
7987627
4515130
2896729
7730393
6058320
5196715
4494657
3070690
1124499
4330359
2189063
56200
2446095
4321767
3027756
6726127
2579122
29362
5654409
4847195
3292101
5178830
1205744
655507
1665200
7310688
1335257
6179839
1345987
5061397
6734493
1478749
3460331
7200587
686848
3981813
2199762
1869958
322357
7562295
3177937
2747720
3337290
7255697
6549370
6491302
5394233
7784384
2532295
2075840
6217881
4840791
6395041
4868653
5867626
4229885
1749326
7893478
1102632
602569
3145274
7853900
7174339
4121536
2037668
291043
5221225
4104157
764431
6438674
373240
3792365
2561228
5297838
1062427
2020743
3645791
228161
3508274
3648720
7500579
2114757
5912467
7807621
5082460
1782322
1850575
6698686
6208753
98315
6513224
1002854
5264858
5054916
3798920
5874121
5323208
3331100
1210979
6981329
7657925
2132915
5140179
5331729
5360010
2840652
2954656
4200180
6747012
4437713
6730937
7017927
2727702
7972889
3013742
3679015
3388601
2147567
2968900
7904412
6803394
1122794
5279927
5913458
2852410
5246321
997909
2369931
6682796
4617353
1838860
1952061
6865238
5714283
4302085
3696305
3654169
1700895
7504793
6514163
6282226
6738028
4267124
3686978
606571
3001486
6180584
1562569
3198537
3629875
5844470
5557991
6597834
7039162
1732781
5352536
6656552
4025473
5503464
1469064
2436249
3395431
3217359
3061059
3272871
1893625
680758
2596176
7072737
1569351
5753365
400055
4313860
2328159
3208130
4128271
7647176
7571619
2369879
665270
5526193
7753128
7383000
3002845
863037
5057840
5283019
2784194
7432460
2526609
5279310
4299924
3846754
4398165
766163
7701975
2260756
3454234
6034821
5276623
1148873
7604995
4825162
7539210
6027926
4825516
7312459
4745771
3015183
4574093
6340309
6452758
439996
5452396
1039667
1598173
2924788
3364530
2258818
6491968
6144768
2251051
3000438
1133415
5143101
2408090
3591696
435631
2064214
5636685
3567377
1731479
3960512
488284
4693260
742043
1488988
1119486
815632
7145531
5531091
4333374
1699458
2367208
1319597
1490786
1594447
2025487
6495151
7471220
7757278
4354707
6666125
1854450
2293554
378994
1165640
7859710
615945
4941307
912377
7731868
5692966
3318918
6074079
6905991
4719210
3937647
5477377
6703765
4230651
2407690
1546191
2673914
6380608
1481329
6238875
6708358
6177445
1615879
2084365
3751641
7214015
2104471
5187806
4697658
776834
3702803
7665298
4660194
1104447
2757466
4787878
3076214
6027407
4936358
7101476
4646811
5848621
7760609
5369449
2550846
3097892
2289009
7411698
6140159
1767971
6223894
647678
1400650
1477538
7272195
6556456
1639714
6984782
783202
3135509
3473568
6740700
2146429
7356694
6819749
5484615
7715603
5291184
633832
4645131
5198122
5729366
2564610
2780225
7252341
980051
7519057
1666744
1009330
2866757
4878040
1020562
7612668
890217
2524289
954993
7085720
3354918
2454234
4690162
4361383
2134936
249265
3140855
3672414
381627
4244113
1698275
2912027
4305618
7012536
4108130
5921474
3540841
2043893
2940218
6889912
2426710
771783
601534
44554
745041
3114216
1779653
4729609
2061921
5845445
3527688
2740867
2269401
284240
4747506
1542691
2703958
1462530
2923456
2042898
3094826
924051
5506400
2423727
2286615
4422967
5987722
939744
2947883
1722205
4187750
2762127
2009420
3123733
6061958
4546524
6071923
2529584
2773117
7080015
5361675
1208996
923554
5078095
5045188
3366739
5325591
3582013
1090288
5522723
1585535
3800455
276721
3444190
2322573
6973131
2809169
7637121
7374561
6849234
7888212
3130454
2651284
5361685
4532170
1950764
1628399
3880383
6540756
2619741
2451629
379800
1098774
2294256
2906758
7159847
26496
2467241
470035
94157
15512
3476695
6717130
2529823
3670537
1311024
7074886
6701168
6792739
382247
3879311
7240441
4008860
382137
2673208
3776138
4898096
1246096
4756210
427883
1935230
132549
5528363
274098
3415212
2191200
5598477
7278724
5215757
4119020
1916914
4330909
6395921
7041772
3909945
2242045
5924540
6608706
1724735
3789196
6762362
2721215
1319099
6428224
3834988
3758097
2532504
7952588
1455736
1016754
7259342
700023
5134037
1799429
968232
7430223
7495362
438808
4075146
5240045
2799089
6455070
3693682
5350238
244781
2372434
6172544
871164
7405503
1238870
126215
2167117
6756774
6948952
4204101
6555835
6638475
951350
6821588
5216030
2673535
2714996
2123900
5094145
4389649
3045169
4812132
581360
6611241
2595668
959616
1103949
723337
3884060
2930000
5484111
5452438
1475754
3954880
907700
780751
578060
7934668
3357578
3342512
4778809
7435296
1139343
5992958
5582120
3152010
3006844
1962203
3290103
7558642
6997485
1505601
1335850
2754531
5274016
2534048
2315715
4243658
1715495
1021164
6772340
4806229
1077034
1871740
3016062
7777186
4394862
6502889
666839
4918064
6945093
3698525
283863
4730312
7897333
1615488
5036432
2018183
4911891
3347571
4823813
3465800
6923987
1324391
40614
7975874
2176524
5564334
5751866
1237863
4563048
3966471
7692852
340310
5335312
7539650
6072007
2135803
2456870
1437036
7340672
15704
7895304
654753
4452172
6090788
5912611
4004862
4131530
7108396
2297393
863241
2843154
4393074
7544247
3878970
977196
6386718
7925853
7841307
608941
5975362
1668976
4711080
4532187
2088250
2592913
3143469
2873961
7850057
282362
1919407
4311258
5374231
2966203
981996
7579452
7162781
1846023
3239294
5760975
6072350
5939207
4638288
3060784
1767858
4037160
618866
2545153
4884335
2431754
676493
3111549
6832687
4624014
5662304
4181241
1274207
7836991
1926855
1796797
6028574
404627
1352655
4500747
3454254
6848884
7907319
6350730
215031
2010233
3177054
4082997
4687736
7184474
1897816
5724734
4031773
1739966
7555205
6501169
3908243
7773259
4620989
7123114
94028
2751579
6543536
7674277
7018530
7011735
5992369
4009976
743762
4926568
2245927
1416407
2822699
4995601
4638089
5748428
4912846
3914381
6697247
3101002
2003327
4832765
1762034
6668815
3464362
6895400
6236291
1621061
5625752
7353191
1828162
6656972
5940089
5377583
71433
4986976
625252
5222786
7493298
6942571
7384138
6915474
3693054
366567
5119817
7394457
908758
6839122
5591492
4481134
1195717
6768484
369951
6058205
7934276
3119827
7171803
7748618
6667303
1588958
93890
4746721
4617244
3780828
2150159
7852264
782916
4040735
5696871
5823920
6185007
2257314
3478010
2686450
1002815
6378557
2097674
1835729
1037180
1317027
5008212
6354198
1729793
6391202
4546083
6340024
127303
981477
4556150
2997007
4794919
7064473
7939231
6632398
2997440
1133151
1349157
2731420
6289845
5417243
6349792
7190286
1860973
3234246
316304
6082757
26842
6625435
7186316
291410
7414048
3059327
6605493
4515713
675574
4224737
7510142
4927652
6729485
65940
7304604
2676281
5829597
5244042
6918927
107957
5890497
1519066
2743602
6693549
2843733
6607179
4585576
7665483
5274315
2702852
2310328
29402
2882624
6280541
2375493
5026655
5983713
1069495
7839262
3550224
7465440
1252705
5805807
6977646
5608359
4166858
2715617
5780388
260811
3266132
2638430
1640250
3830328
3070497
618194
7036348
7408424
414898
1906271
7028210
5035525
651018
4847934
1892522
1279782
4487886
4021797
927495
2561041
2979561
4690
7731714
5420701
5454200
7166437
5602986
1035944
3968465
1001933
3671333
4496412
848630
5743221
1053968
7958753
1969883
1515698
2234017
5613498
1110456
5265500
1996988
4396324
6460353
5156744
2207751
1234143
7172229
1622419
5507369
1358027
237805
613116
5877448
7710011
1772739
2787809
421375
514918
1871489
7385559
2260788
2911526
4379337
2261403
7009033
1408041
5137923
6159445
1271026
1184187
1724541
6500139
5723346
4884416
6739792
3662617
3206721
2014101
6126676
5789556
2423474
1063756
1076353
3379477
2555317
3424436
3310172
3736523
6472400
5951270
871947
2814764
1038979
3086588
5854403
2050424
2256210
3807003
144493
5257441
7930703
3163303
6320318
2071729
4862860
2098129
7463752
2919838
199641
2283980
2977467
7170707
7387256
1912957
4927088
2448484
639537
4765591
3033325
938493
6397308
2205881
990542
6216718
6904286
4668261
4929817
3255492
2435747
2728599
3156094
648036
5942357
2373609
1055092
1751958
6799182
4929073
7196475
4668574
4831689
5571533
6297990
7344285
286278
880788
7406372
6581368
4130439
3388300
1143005
7820102
1774499
5796859
2437875
1023389
5386915
5429771
6248741
7754729
2824912
305897
7710315
3686743
1099867
6226091
7175891
6985076
3440039
587959
6358083
3950398
7758766
5971210
2924233
3176589
1666585
1841294
1124795
1475217
7681035
484329
4855754
6582611
6333794
1178922
2052001
1285266
934941
4803535
1556258
5200971
3289214
4024497
2850383
6402038
2386638
1469561
3646527
7027000
4101471
2538981
1957767
5510899
